260
262
274
276
284
286
288
290
292
294
296
298
300
302
304
306
308
316
318
320
322
324
326
336
338
340
348
350
352
418
420
422
432
434
436
444
446
448
450
452
454
456
458
460
462
482
484
486
488
490
492
494
496
498
500
502
504
506
520
522
524
526
534
536
538
546
548
550
552
554
556
558
584
586
588
590
598
600
602
630
632
634
642
644
646
648
650
652
654
656
658
660
662
664
666
668
670
672
674
676
678
694
696
698
700
702
704
712
714
716
734
736
744
746
748
750
752
754
756
758
760
762
790
792
794
822
824
826
834
836
838
854
856
858
860
862
864
866
868
870
892
894
896
912
914
916
918
920
922
924
926
928
936
938
940
942
944
946
948
950
952
954
956
958
960
962
964
966
988
990
992
1000
1002
1004
260
262
270
272
274
286
288
290
292
294
302
304
306
318
320
342
344
346
348
350
352
354
356
358
360
362
364
366
368
370
394
396
406
408
410
412
414
416
418
420
422
424
426
428
430
432
434
436
438
440
442
444
446
448
450
452
454
456
458
460
462
464
466
468
470
472
474
476
478
480
482
484
486
488
490
492
494
496
498
500
502
504
506
508
510
516
518
526
528
530
540
542
544
546
548
550
552
554
556
558
560
562
584
586
588
596
598
600
602
610
612
614
616
618
620
636
638
640
642
644
646
648
650
652
654
656
658
660
662
664
666
668
670
672
674
676
678
692
694
696
698
706
708
710
718
720
722
724
726
728
730
732
734
736
738
740
742
744
746
748
750
752
754
764
766
778
780
782
784
786
802
804
806
814
816
818
828
830
832
834
836
838
846
848
850
860
862
864
892
894
896
898
900
902
910
912
914
916
918
920
922
924
926
928
930
932
934
936
938
940
942
944
946
948
950
952
954
956
958
960
962
964
966
968
970
972
974
976
978
980
982
984
986
988
990
992
994
996
998
1000
1002
1004
1006
1008
1010
1012
1014
1016
1018
1020
1022
272
274
276
278
280
290
292
294
302
304
306
308
310
312
322
324
326
340
342
344
360
362
364
366
368
370
372
374
376
378
380
382
384
386
388
390
392
394
396
398
400
402
404
406
408
410
412
414
416
418
420
422
424
426
428
430
432
434
436
438
440
442
444
446
448
450
452
454
456
458
460
462
464
466
468
470
472
474
476
478
480
482
484
486
488
490
492
494
496
498
500
502
504
538
540
542
554
556
570
572
574
584
586
588
590
592
594
596
598
600
622
624
626
634
636
638
680
682
684
712
714
716
718
720
722
730
732
734
756
758
760
776
778
780
788
790
792
794
796
798
814
816
818
820
822
824
826
828
830
832
834
836
838
846
848
850
852
854
856
878
880
882
884
886
888
890
892
894
896
898
900
902
904
906
908
910
912
914
922
924
926
936
938
940
942
944
946
954
956
958
986
988
990
1006
1008
1010
264
266
268
270
272
274
276
278
280
288
290
292
302
304
306
314
316
318
340
342
344
346
348
350
352
354
356
366
368
370
372
374
376
378
380
382
384
386
388
390
392
394
396
398
400
402
404
406
408
410
412
414
416
418
420
430
432
434
480
482
484
486
488
490
492
494
496
498
500
502
504
506
508
510
540
542
544
546
548
550
552
554
556
558
560
562
564
566
568
570
572
574
576
578
580
582
584
586
588
590
592
594
596
598
600
602
604
606
608
610
612
614
616
618
620
622
624
626
628
630
632
634
636
638
640
642
644
646
648
650
652
654
656
658
660
662
664
666
668
670
672
674
676
678
680
682
684
686
688
690
692
694
696
698
700
702
710
712
714
730
732
734
750
752
754
782
784
786
794
796
798
812
814
816
818
844
846
848
850
876
878
880
882
890
892
894
896
898
900
908
910
912
914
916
918
920
922
924
926
928
930
932
934
936
938
940
942
944
946
948
950
952
954
956
958
966
968
970
980
982
984
1004
1006
1008
1010
270
272
288
290
292
294
296
298
326
328
330
396
398
400
402
404
406
408
410
412
414
416
418
420
422
424
426
442
444
446
448
450
452
460
462
464
466
468
470
472
474
476
478
480
482
484
492
494
496
498
500
502
504
506
508
510
564
566
568
570
572
574
576
578
580
582
584
586
588
590
592
608
610
612
620
622
624
626
628
630
632
634
636
638
640
642
644
646
648
650
652
654
656
658
660
662
664
666
668
670
672
674
676
678
680
682
684
686
688
690
692
694
696
698
700
702
704
706
708
710
712
714
716
718
720
722
724
726
728
730
732
734
736
738
740
742
744
746
748
750
752
754
756
758
760
762
764
766
776
778
780
782
784
786
788
790
792
794
796
798
800
802
804
806
808
810
826
828
830
838
840
842
844
846
848
850
852
854
864
866
868
914
916
918
920
922
924
926
928
930
932
934
936
938
940
942
944
946
948
950
960
962
964
966
968
970
992
994
996
1010
1012
1014
1016
1018
1020
1022
282
284
296
298
312
314
316
328
330
332
334
336
364
366
368
384
386
388
390
392
394
396
398
400
428
430
432
454
456
458
460
462
464
466
468
470
472
474
476
504
506
508
510
520
522
524
526
528
530
532
534
536
538
540
556
558
560
562
564
566
568
570
572
574
576
578
580
582
584
586
594
596
598
606
608
610
612
614
616
618
626
628
630
632
634
636
638
640
642
644
646
648
650
652
654
656
664
666
668
684
686
688
690
692
694
710
712
714
716
718
720
734
736
738
740
742
744
746
748
750
752
754
756
758
760
762
764
774
776
778
786
788
790
798
800
802
804
806
808
810
812
814
816
818
820
822
824
826
828
830
832
834
836
838
840
842
844
846
848
850
852
854
856
858
860
862
864
866
868
870
872
874
876
878
880
882
884
886
888
890
892
894
896
898
900
902
904
906
908
910
912
914
916
918
920
922
924
926
928
930
932
934
936
938
940
942
944
946
948
950
958
960
962
964
966
968
970
972
974
976
998
1000
1002
1004
1006
1008
262
264
288
290
292
294
296
308
310
312
314
316
318
320
322
332
334
336
338
340
342
344
346
348
350
352
354
356
358
360
396
398
400
414
416
418
420
422
424
426
428
430
432
446
448
450
460
462
464
466
468
470
492
494
496
498
500
502
504
506
508
510
538
540
548
550
552
562
564
566
580
582
584
594
596
598
600
602
604
606
608
610
612
614
616
618
620
622
624
626
628
630
638
640
642
644
646
648
650
652
654
656
658
660
662
664
666
668
702
704
706
708
710
712
714
716
718
720
722
724
726
728
730
732
734
736
738
740
742
744
746
748
750
752
754
756
758
798
800
802
804
806
808
810
812
814
816
818
820
822
824
826
828
830
832
834
836
838
840
842
844
846
848
850
852
854
856
858
860
862
864
866
868
870
872
874
876
878
880
882
884
886
888
890
892
894
896
898
900
902
904
906
908
910
912
914
916
918
920
922
924
926
928
930
932
934
936
938
940
942
944
946
948
950
952
954
956
958
960
962
964
966
968
970
972
974
976
978
980
982
984
986
988
990
992
994
1002
1004
1006
1018
1020
262
264
272
274
276
278
280
282
284
292
294
296
298
300
302
304
306
308
310
312
314
316
318
320
322
324
326
328
330
332
334
336
338
340
342
344
346
348
362
364
366
388
390
392
394
396
398
426
428
430
432
434
436
438
452
454
456
464
466
468
480
482
484
486
488
490
492
494
548
550
552
554
556
558
560
562
564
566
568
570
572
574
576
578
580
582
584
586
588
590
592
594
596
614
616
618
620
622
650
652
654
656
658
660
672
674
676
678
680
688
690
692
694
696
698
700
702
704
706
720
722
724
734
736
738
746
748
750
772
774
776
792
794
796
804
806
808
810
812
814
816
818
820
822
824
826
828
830
832
834
836
838
840
842
844
846
848
850
852
854
856
858
860
862
864
866
868
870
872
874
876
878
880
882
884
886
888
890
892
894
896
898
900
902
904
906
908
910
912
914
916
918
920
922
924
926
928
930
932
934
936
938
940
942
944
946
948
950
952
954
956
958
960
962
964
966
968
970
972
974
976
978
980
982
984
986
988
990
992
994
996
998
1000
1002
1004
1006
1008
1010
1012
1014
1016
1018
274
276
278
280
282
310
312
314
336
338
340
342
344
346
356
358
360
394
396
398
400
402
404
406
408
410
412
414
416
418
444
446
448
450
470
472
474
476
478
480
482
490
492
494
522
524
526
534
536
538
560
562
564
566
568
570
644
646
648
650
652
654
662
664
666
676
678
680
682
684
686
700
702
704
716
718
726
728
730
732
734
736
738
740
742
744
746
748
750
752
754
756
758
760
762
764
766
780
782
790
792
794
796
798
800
802
804
806
808
810
812
814
822
824
826
828
830
832
834
836
838
840
848
850
852
868
870
872
880
882
884
900
902
904
912
914
916
924
926
928
962
964
966
968
970
972
974
988
990
992
994
996
998
1000
1002
1004
1006
1008
1010
1012
1014
1016
1018
1020
1022
260
262
264
266
268
270
272
274
276
278
280
282
284
286
288
290
292
294
296
298
300
302
304
306
308
310
312
314
316
318
320
322
324
326
328
330
332
334
336
338
340
342
344
346
348
350
352
354
356
358
360
362
364
366
368
370
372
374
376
378
380
382
384
386
388
390
392
394
396
398
400
402
404
406
408
410
412
414
416
418
420
422
424
426
428
430
432
434
436
438
440
442
444
446
448
450
452
454
456
458
460
462
476
478
480
488
490
492
494
502
504
506
534
536
538
552
554
556
558
572
574
576
578
580
582
584
586
588
590
604
606
608
630
632
634
656
658
660
700
702
704
720
722
724
732
734
736
738
740
742
758
760
762
764
766
772
774
776
778
780
804
806
834
836
838
872
874
876
894
896
904
906
908
926
928
944
946
948
950
952
954
962
964
966
1008
1010
1012
1020
1022
260
262
264
266
268
290
292
294
302
304
306
318
320
322
324
326
334
336
338
340
342
344
346
348
350
352
354
356
358
360
362
364
380
382
384
386
388
390
406
408
410
412
414
416
418
420
422
438
440
442
444
446
448
462
464
466
468
470
472
474
476
478
480
482
484
486
488
490
492
494
496
498
500
502
504
506
508
510
516
518
546
548
550
558
560
562
564
566
568
570
572
574
576
578
580
582
584
586
588
590
592
594
596
598
600
602
604
606
608
610
612
614
616
618
620
622
624
626
628
630
632
634
636
638
640
642
644
646
648
650
652
654
656
658
660
662
664
666
668
670
672
674
676
678
680
682
684
692
694
696
698
706
708
710
732
734
736
750
752
754
764
766
778
780
782
784
786
788
790
792
794
802
804
806
808
810
812
834
836
838
840
842
844
852
854
856
858
872
874
876
878
880
882
884
886
888
918
920
922
924
926
928
930
932
934
942
944
946
962
964
966
974
976
978
988
990
992
994
996
998
1000
1002
1004
1006
1008
1010
258
260
262
264
266
268
276
278
280
282
284
286
288
290
292
294
302
304
306
314
316
318
320
328
330
332
346
348
350
352
354
356
358
392
394
396
398
400
402
410
412
414
426
428
430
432
434
442
444
446
448
450
452
454
456
458
460
462
464
466
468
470
472
474
476
478
480
482
484
486
488
490
492
494
496
498
500
502
504
506
508
510
516
518
526
528
530
532
534
536
538
540
542
544
546
548
550
552
554
556
558
560
562
564
566
568
570
572
574
576
578
580
582
584
586
588
590
592
594
596
598
600
602
604
606
608
610
612
614
616
618
620
622
624
626
628
630
632
634
636
638
640
642
644
646
648
650
652
654
656
658
660
662
664
666
668
670
672
674
676
678
680
682
684
686
688
690
692
694
696
698
700
702
704
706
708
710
712
714
716
718
720
722
724
726
728
730
732
734
736
738
740
742
776
778
780
782
784
786
794
796
798
820
822
824
826
828
830
846
848
850
852
854
856
858
860
862
864
866
868
870
872
874
876
