261
263
275
277
285
287
289
291
293
295
297
299
301
303
305
307
309
317
319
321
323
325
327
337
339
341
349
351
353
419
421
423
433
435
437
445
447
449
451
453
455
457
459
461
463
483
485
487
489
491
493
495
497
499
501
503
505
507
521
523
525
527
535
537
539
547
549
551
553
555
557
559
585
587
589
591
599
601
603
631
633
635
643
645
647
649
651
653
655
657
659
661
663
665
667
669
671
673
675
677
679
695
697
699
701
703
705
713
715
717
735
737
745
747
749
751
753
755
757
759
761
763
791
793
795
823
825
827
835
837
839
855
857
859
861
863
865
867
869
871
893
895
897
913
915
917
919
921
923
925
927
929
937
939
941
943
945
947
949
951
953
955
957
959
961
963
965
967
989
991
993
1001
1003
1005
261
263
271
273
275
287
289
291
293
295
303
305
307
319
321
343
345
347
349
351
353
355
357
359
361
363
365
367
369
371
395
397
407
409
411
413
415
417
419
421
423
425
427
429
431
433
435
437
439
441
443
445
447
449
451
453
455
457
459
461
463
465
467
469
471
473
475
477
479
481
483
485
487
489
491
493
495
497
499
501
503
505
507
509
511
517
519
527
529
531
541
543
545
547
549
551
553
555
557
559
561
563
585
587
589
597
599
601
603
611
613
615
617
619
621
637
639
641
643
645
647
649
651
653
655
657
659
661
663
665
667
669
671
673
675
677
679
693
695
697
699
707
709
711
719
721
723
725
727
729
731
733
735
737
739
741
743
745
747
749
751
753
755
765
767
779
781
783
785
787
803
805
807
815
817
819
829
831
833
835
837
839
847
849
851
861
863
865
893
895
897
899
901
903
911
913
915
917
919
921
923
925
927
929
931
933
935
937
939
941
943
945
947
949
951
953
955
957
959
961
963
965
967
969
971
973
975
977
979
981
983
985
987
989
991
993
995
997
999
1001
1003
1005
1007
1009
1011
1013
1015
1017
1019
1021
1023
273
275
277
279
281
291
293
295
303
305
307
309
311
313
323
325
327
341
343
345
361
363
365
367
369
371
373
375
377
379
381
383
385
387
389
391
393
395
397
399
401
403
405
407
409
411
413
415
417
419
421
423
425
427
429
431
433
435
437
439
441
443
445
447
449
451
453
455
457
459
461
463
465
467
469
471
473
475
477
479
481
483
485
487
489
491
493
495
497
499
501
503
505
539
541
543
555
557
571
573
575
585
587
589
591
593
595
597
599
601
623
625
627
635
637
639
681
683
685
713
715
717
719
721
723
731
733
735
757
759
761
777
779
781
789
791
793
795
797
799
815
817
819
821
823
825
827
829
831
833
835
837
839
847
849
851
853
855
857
879
881
883
885
887
889
891
893
895
897
899
901
903
905
907
909
911
913
915
923
925
927
937
939
941
943
945
947
955
957
959
987
989
991
1007
1009
1011
265
267
269
271
273
275
277
279
281
289
291
293
303
305
307
315
317
319
341
343
345
347
349
351
353
355
357
367
369
371
373
375
377
379
381
383
385
387
389
391
393
395
397
399
401
403
405
407
409
411
413
415
417
419
421
431
433
435
481
483
485
487
489
491
493
495
497
499
501
503
505
507
509
511
541
543
545
547
549
551
553
555
557
559
561
563
565
567
569
571
573
575
577
579
581
583
585
587
589
591
593
595
597
599
601
603
605
607
609
611
613
615
617
619
621
623
625
627
629
631
633
635
637
639
641
643
645
647
649
651
653
655
657
659
661
663
665
667
669
671
673
675
677
679
681
683
685
687
689
691
693
695
697
699
701
703
711
713
715
731
733
735
751
753
755
783
785
787
795
797
799
813
815
817
819
845
847
849
851
877
879
881
883
891
893
895
897
899
901
909
911
913
915
917
919
921
923
925
927
929
931
933
935
937
939
941
943
945
947
949
951
953
955
957
959
967
969
971
981
983
985
1005
1007
1009
1011
271
273
289
291
293
295
297
299
327
329
331
397
399
401
403
405
407
409
411
413
415
417
419
421
423
425
427
443
445
447
449
451
453
461
463
465
467
469
471
473
475
477
479
481
483
485
493
495
497
499
501
503
505
507
509
511
565
567
569
571
573
575
577
579
581
583
585
587
589
591
593
609
611
613
621
623
625
627
629
631
633
635
637
639
641
643
645
647
649
651
653
655
657
659
661
663
665
667
669
671
673
675
677
679
681
683
685
687
689
691
693
695
697
699
701
703
705
707
709
711
713
715
717
719
721
723
725
727
729
731
733
735
737
739
741
743
745
747
749
751
753
755
757
759
761
763
765
767
777
779
781
783
785
787
789
791
793
795
797
799
801
803
805
807
809
811
827
829
831
839
841
843
845
847
849
851
853
855
865
867
869
915
917
919
921
923
925
927
929
931
933
935
937
939
941
943
945
947
949
951
961
963
965
967
969
971
993
995
997
1011
1013
1015
1017
1019
1021
1023
283
285
297
299
313
315
317
329
331
333
335
337
365
367
369
385
387
389
391
393
395
397
399
401
429
431
433
455
457
459
461
463
465
467
469
471
473
475
477
505
507
509
511
521
523
525
527
529
531
533
535
537
539
541
557
559
561
563
565
567
569
571
573
575
577
579
581
583
585
587
595
597
599
607
609
611
613
615
617
619
627
629
631
633
635
637
639
641
643
645
647
649
651
653
655
657
665
667
669
685
687
689
691
693
695
711
713
715
717
719
721
735
737
739
741
743
745
747
749
751
753
755
757
759
761
763
765
775
777
779
787
789
791
799
801
803
805
807
809
811
813
815
817
819
821
823
825
827
829
831
833
835
837
839
841
843
845
847
849
851
853
855
857
859
861
863
865
867
869
871
873
875
877
879
881
883
885
887
889
891
893
895
897
899
901
903
905
907
909
911
913
915
917
919
921
923
925
927
929
931
933
935
937
939
941
943
945
947
949
951
959
961
963
965
967
969
971
973
975
977
999
1001
1003
1005
1007
1009
263
265
289
291
293
295
297
309
311
313
315
317
319
321
323
333
335
337
339
341
343
345
347
349
351
353
355
357
359
361
397
399
401
415
417
419
421
423
425
427
429
431
433
447
449
451
461
463
465
467
469
471
493
495
497
499
501
503
505
507
509
511
539
541
549
551
553
563
565
567
581
583
585
595
597
599
601
603
605
607
609
611
613
615
617
619
621
623
625
627
629
631
639
641
643
645
647
649
651
653
655
657
659
661
663
665
667
669
703
705
707
709
711
713
715
717
719
721
723
725
727
729
731
733
735
737
739
741
743
745
747
749
751
753
755
757
759
799
801
803
805
807
809
811
813
815
817
819
821
823
825
827
829
831
833
835
837
839
841
843
845
847
849
851
853
855
857
859
861
863
865
867
869
871
873
875
877
879
881
883
885
887
889
891
893
895
897
899
901
903
905
907
909
911
913
915
917
919
921
923
925
927
929
931
933
935
937
939
941
943
945
947
949
951
953
955
957
959
961
963
965
967
969
971
973
975
977
979
981
983
985
987
989
991
993
995
1003
1005
1007
1019
1021
263
265
273
275
277
279
281
283
285
293
295
297
299
301
303
305
307
309
311
313
315
317
319
321
323
325
327
329
331
333
335
337
339
341
343
345
347
349
363
365
367
389
391
393
395
397
399
427
429
431
433
435
437
439
453
455
457
465
467
469
481
483
485
487
489
491
493
495
549
551
553
555
557
559
561
563
565
567
569
571
573
575
577
579
581
583
585
587
589
591
593
595
597
615
617
619
621
623
651
653
655
657
659
661
673
675
677
679
681
689
691
693
695
697
699
701
703
705
707
721
723
725
735
737
739
747
749
751
773
775
777
793
795
797
805
807
809
811
813
815
817
819
821
823
825
827
829
831
833
835
837
839
841
843
845
847
849
851
853
855
857
859
861
863
865
867
869
871
873
875
877
879
881
883
885
887
889
891
893
895
897
899
901
903
905
907
909
911
913
915
917
919
921
923
925
927
929
931
933
935
937
939
941
943
945
947
949
951
953
955
957
959
961
963
965
967
969
971
973
975
977
979
981
983
985
987
989
991
993
995
997
999
1001
1003
1005
1007
1009
1011
1013
1015
1017
1019
275
277
279
281
283
311
313
315
337
339
341
343
345
347
357
359
361
395
397
399
401
403
405
407
409
411
413
415
417
419
445
447
449
451
471
473
475
477
479
481
483
491
493
495
523
525
527
535
537
539
561
563
565
567
569
571
645
647
649
651
653
655
663
665
667
677
679
681
683
685
687
701
703
705
717
719
727
729
731
733
735
737
739
741
743
745
747
749
751
753
755
757
759
761
763
765
767
781
783
791
793
795
797
799
801
803
805
807
809
811
813
815
823
825
827
829
831
833
835
837
839
841
849
851
853
869
871
873
881
883
885
901
903
905
913
915
917
925
927
929
963
965
967
969
971
973
975
989
991
993
995
997
999
1001
1003
1005
1007
1009
1011
1013
1015
1017
1019
1021
1023
261
263
265
267
269
271
273
275
277
279
281
283
285
287
289
291
293
295
297
299
301
303
305
307
309
311
313
315
317
319
321
323
325
327
329
331
333
335
337
339
341
343
345
347
349
351
353
355
357
359
361
363
365
367
369
371
373
375
377
379
381
383
385
387
389
391
393
395
397
399
401
403
405
407
409
411
413
415
417
419
421
423
425
427
429
431
433
435
437
439
441
443
445
447
449
451
453
455
457
459
461
463
477
479
481
489
491
493
495
503
505
507
535
537
539
553
555
557
559
573
575
577
579
581
583
585
587
589
591
605
607
609
631
633
635
657
659
661
701
703
705
721
723
725
733
735
737
739
741
743
759
761
763
765
767
773
775
777
779
781
805
807
835
837
839
873
875
877
895
897
905
907
909
927
929
945
947
949
951
953
955
963
965
967
1009
1011
1013
1021
1023
261
263
265
267
269
291
293
295
303
305
307
319
321
323
325
327
335
337
339
341
343
345
347
349
351
353
355
357
359
361
363
365
381
383
385
387
389
391
407
409
411
413
415
417
419
421
423
439
441
443
445
447
449
463
465
467
469
471
473
475
477
479
481
483
485
487
489
491
493
495
497
499
501
503
505
507
509
511
517
519
547
549
551
559
561
563
565
567
569
571
573
575
577
579
581
583
585
587
589
591
593
595
597
599
601
603
605
607
609
611
613
615
617
619
621
623
625
627
629
631
633
635
637
639
641
643
645
647
649
651
653
655
657
659
661
663
665
667
669
671
673
675
677
679
681
683
685
693
695
697
699
707
709
711
733
735
737
751
753
755
765
767
779
781
783
785
787
789
791
793
795
803
805
807
809
811
813
835
837
839
841
843
845
853
855
857
859
873
875
877
879
881
883
885
887
889
919
921
923
925
927
929
931
933
935
943
945
947
963
965
967
975
977
979
989
991
993
995
997
999
1001
1003
1005
1007
1009
1011
259
261
263
265
267
269
277
279
281
283
285
287
289
291
293
295
303
305
307
315
317
319
321
329
331
333
347
349
351
353
355
357
359
393
395
397
399
401
403
411
413
415
427
429
431
433
435
443
445
447
449
451
453
455
457
459
461
463
465
467
469
471
473
475
477
479
481
483
485
487
489
491
493
495
497
499
501
503
505
507
509
511
517
519
527
529
531
533
535
537
539
541
543
545
547
549
551
553
555
557
559
561
563
565
567
569
571
573
575
577
579
581
583
585
587
589
591
593
595
597
599
601
603
605
607
609
611
613
615
617
619
621
623
625
627
629
631
633
635
637
639
641
643
645
647
649
651
653
655
657
659
661
663
665
667
669
671
673
675
677
679
681
683
685
687
689
691
693
695
697
699
701
703
705
707
709
711
713
715
717
719
721
723
725
727
729
731
733
735
737
739
741
743
777
779
781
783
785
787
795
797
799
821
823
825
827
829
831
847
849
851
853
855
857
859
861
863
865
867
869
871
873
875
877
