260
261
262
263
274
275
276
277
284
285
286
287
288
289
290
291
292
293
294
295
296
297
298
299
300
301
302
303
304
305
306
307
308
309
316
317
318
319
320
321
322
323
324
325
326
327
336
337
338
339
340
341
348
349
350
351
352
353
418
419
420
421
422
423
432
433
434
435
436
437
444
445
446
447
448
449
450
451
452
453
454
455
456
457
458
459
460
461
462
463
482
483
484
485
486
487
488
489
490
491
492
493
494
495
496
497
498
499
500
501
502
503
504
505
506
507
520
521
522
523
524
525
526
527
534
535
536
537
538
539
546
547
548
549
550
551
552
553
554
555
556
557
558
559
584
585
586
587
588
589
590
591
598
599
600
601
602
603
630
631
632
633
634
635
642
643
644
645
646
647
648
649
650
651
652
653
654
655
656
657
658
659
660
661
662
663
664
665
666
667
668
669
670
671
672
673
674
675
676
677
678
679
694
695
696
697
698
699
700
701
702
703
704
705
712
713
714
715
716
717
734
735
736
737
744
745
746
747
748
749
750
751
752
753
754
755
756
757
758
759
760
761
762
763
790
791
792
793
794
795
822
823
824
825
826
827
834
835
836
837
838
839
854
855
856
857
858
859
860
861
862
863
864
865
866
867
868
869
870
871
892
893
894
895
896
897
912
913
914
915
916
917
918
919
920
921
922
923
924
925
926
927
928
929
936
937
938
939
940
941
942
943
944
945
946
947
948
949
950
951
952
953
954
955
956
957
958
959
960
961
962
963
964
965
966
967
988
989
990
991
992
993
1000
1001
1002
1003
1004
1005
260
261
262
263
270
271
272
273
274
275
286
287
288
289
290
291
292
293
294
295
302
303
304
305
306
307
318
319
320
321
342
343
344
345
346
347
348
349
350
351
352
353
354
355
356
357
358
359
360
361
362
363
364
365
366
367
368
369
370
371
394
395
396
397
406
407
408
409
410
411
412
413
414
415
416
417
418
419
420
421
422
423
424
425
426
427
428
429
430
431
432
433
434
435
436
437
438
439
440
441
442
443
444
445
446
447
448
449
450
451
452
453
454
455
456
457
458
459
460
461
462
463
464
465
466
467
468
469
470
471
472
473
474
475
476
477
478
479
480
481
482
483
484
485
486
487
488
489
490
491
492
493
494
495
496
497
498
499
500
501
502
503
504
505
506
507
508
509
510
511
516
517
518
519
526
527
528
529
530
531
540
541
542
543
544
545
546
547
548
549
550
551
552
553
554
555
556
557
558
559
560
561
562
563
584
585
586
587
588
589
596
597
598
599
600
601
602
603
610
611
612
613
614
615
616
617
618
619
620
621
636
637
638
639
640
641
642
643
644
645
646
647
648
649
650
651
652
653
654
655
656
657
658
659
660
661
662
663
664
665
666
667
668
669
670
671
672
673
674
675
676
677
678
679
692
693
694
695
696
697
698
699
706
707
708
709
710
711
718
719
720
721
722
723
724
725
726
727
728
729
730
731
732
733
734
735
736
737
738
739
740
741
742
743
744
745
746
747
748
749
750
751
752
753
754
755
764
765
766
767
778
779
780
781
782
783
784
785
786
787
802
803
804
805
806
807
814
815
816
817
818
819
828
829
830
831
832
833
834
835
836
837
838
839
846
847
848
849
850
851
860
861
862
863
864
865
892
893
894
895
896
897
898
899
900
901
902
903
910
911
912
913
914
915
916
917
918
919
920
921
922
923
924
925
926
927
928
929
930
931
932
933
934
935
936
937
938
939
940
941
942
943
944
945
946
947
948
949
950
951
952
953
954
955
956
957
958
959
960
961
962
963
964
965
966
967
968
969
970
971
972
973
974
975
976
977
978
979
980
981
982
983
984
985
986
987
988
989
990
991
992
993
994
995
996
997
998
999
1000
1001
1002
1003
1004
1005
1006
1007
1008
1009
1010
1011
1012
1013
1014
1015
1016
1017
1018
1019
1020
1021
1022
1023
272
273
274
275
276
277
278
279
280
281
290
291
292
293
294
295
302
303
304
305
306
307
308
309
310
311
312
313
322
323
324
325
326
327
340
341
342
343
344
345
360
361
362
363
364
365
366
367
368
369
370
371
372
373
374
375
376
377
378
379
380
381
382
383
384
385
386
387
388
389
390
391
392
393
394
395
396
397
398
399
400
401
402
403
404
405
406
407
408
409
410
411
412
413
414
415
416
417
418
419
420
421
422
423
424
425
426
427
428
429
430
431
432
433
434
435
436
437
438
439
440
441
442
443
444
445
446
447
448
449
450
451
452
453
454
455
456
457
458
459
460
461
462
463
464
465
466
467
468
469
470
471
472
473
474
475
476
477
478
479
480
481
482
483
484
485
486
487
488
489
490
491
492
493
494
495
496
497
498
499
500
501
502
503
504
505
538
539
540
541
542
543
554
555
556
557
570
571
572
573
574
575
584
585
586
587
588
589
590
591
592
593
594
595
596
597
598
599
600
601
622
623
624
625
626
627
634
635
636
637
638
639
680
681
682
683
684
685
712
713
714
715
716
717
718
719
720
721
722
723
730
731
732
733
734
735
756
757
758
759
760
761
776
777
778
779
780
781
788
789
790
791
792
793
794
795
796
797
798
799
814
815
816
817
818
819
820
821
822
823
824
825
826
827
828
829
830
831
832
833
834
835
836
837
838
839
846
847
848
849
850
851
852
853
854
855
856
857
878
879
880
881
882
883
884
885
886
887
888
889
890
891
892
893
894
895
896
897
898
899
900
901
902
903
904
905
906
907
908
909
910
911
912
913
914
915
922
923
924
925
926
927
936
937
938
939
940
941
942
943
944
945
946
947
954
955
956
957
958
959
986
987
988
989
990
991
1006
1007
1008
1009
1010
1011
264
265
266
267
268
269
270
271
272
273
274
275
276
277
278
279
280
281
288
289
290
291
292
293
302
303
304
305
306
307
314
315
316
317
318
319
340
341
342
343
344
345
346
347
348
349
350
351
352
353
354
355
356
357
366
367
368
369
370
371
372
373
374
375
376
377
378
379
380
381
382
383
384
385
386
387
388
389
390
391
392
393
394
395
396
397
398
399
400
401
402
403
404
405
406
407
408
409
410
411
412
413
414
415
416
417
418
419
420
421
430
431
432
433
434
435
480
481
482
483
484
485
486
487
488
489
490
491
492
493
494
495
496
497
498
499
500
501
502
503
504
505
506
507
508
509
510
511
540
541
542
543
544
545
546
547
548
549
550
551
552
553
554
555
556
557
558
559
560
561
562
563
564
565
566
567
568
569
570
571
572
573
574
575
576
577
578
579
580
581
582
583
584
585
586
587
588
589
590
591
592
593
594
595
596
597
598
599
600
601
602
603
604
605
606
607
608
609
610
611
612
613
614
615
616
617
618
619
620
621
622
623
624
625
626
627
628
629
630
631
632
633
634
635
636
637
638
639
640
641
642
643
644
645
646
647
648
649
650
651
652
653
654
655
656
657
658
659
660
661
662
663
664
665
666
667
668
669
670
671
672
673
674
675
676
677
678
679
680
681
682
683
684
685
686
687
688
689
690
691
692
693
694
695
696
697
698
699
700
701
702
703
710
711
712
713
714
715
730
731
732
733
734
735
750
751
752
753
754
755
782
783
784
785
786
787
794
795
796
797
798
799
812
813
814
815
816
817
818
819
844
845
846
847
848
849
850
851
876
877
878
879
880
881
882
883
890
891
892
893
894
895
896
897
898
899
900
901
908
909
910
911
912
913
914
915
916
917
918
919
920
921
922
923
924
925
926
927
928
929
930
931
932
933
934
935
936
937
938
939
940
941
942
943
944
945
946
947
948
949
950
951
952
953
954
955
956
957
958
959
966
967
968
969
970
971
980
981
982
983
984
985
1004
1005
1006
1007
1008
1009
1010
1011
270
271
272
273
288
289
290
291
292
293
294
295
296
297
298
299
326
327
328
329
330
331
396
397
398
399
400
401
402
403
404
405
406
407
408
409
410
411
412
413
414
415
416
417
418
419
420
421
422
423
424
425
426
427
442
443
444
445
446
447
448
449
450
451
452
453
460
461
462
463
464
465
466
467
468
469
470
471
472
473
474
475
476
477
478
479
480
481
482
483
484
485
492
493
494
495
496
497
498
499
500
501
502
503
504
505
506
507
508
509
510
511
564
565
566
567
568
569
570
571
572
573
574
575
576
577
578
579
580
581
582
583
584
585
586
587
588
589
590
591
592
593
608
609
610
611
612
613
620
621
622
623
624
625
626
627
628
629
630
631
632
633
634
635
636
637
638
639
640
641
642
643
644
645
646
647
648
649
650
651
652
653
654
655
656
657
658
659
660
661
662
663
664
665
666
667
668
669
670
671
672
673
674
675
676
677
678
679
680
681
682
683
684
685
686
687
688
689
690
691
692
693
694
695
696
697
698
699
700
701
702
703
704
705
706
707
708
709
710
711
712
713
714
715
716
717
718
719
720
721
722
723
724
725
726
727
728
729
730
731
732
733
734
735
736
737
738
739
740
741
742
743
744
745
746
747
748
749
750
751
752
753
754
755
756
757
758
759
760
761
762
763
764
765
766
767
776
777
778
779
780
781
782
783
784
785
786
787
788
789
790
791
792
793
794
795
796
797
798
799
800
801
802
803
804
805
806
807
808
809
810
811
826
827
828
829
830
831
838
839
840
841
842
843
844
845
846
847
848
849
850
851
852
853
854
855
864
865
866
867
868
869
914
915
916
917
918
919
920
921
922
923
924
925
926
927
928
929
930
931
932
933
934
935
936
937
938
939
940
941
942
943
944
945
946
947
948
949
950
951
960
961
962
963
964
965
966
967
968
969
970
971
992
993
994
995
996
997
1010
1011
1012
1013
1014
1015
1016
1017
1018
1019
1020
1021
1022
1023
282
283
284
285
296
297
298
299
312
313
314
315
316
317
328
329
330
331
332
333
334
335
336
337
364
365
366
367
368
369
384
385
386
387
388
389
390
391
392
393
394
395
396
397
398
399
400
401
428
429
430
431
432
433
454
455
456
457
458
459
460
461
462
463
464
465
466
467
468
469
470
471
472
473
474
475
476
477
504
505
506
507
508
509
510
511
520
521
522
523
524
525
526
527
528
529
530
531
532
533
534
535
536
537
538
539
540
541
556
557
558
559
560
561
562
563
564
565
566
567
568
569
570
571
572
573
574
575
576
577
578
579
580
581
582
583
584
585
586
587
594
595
596
597
598
599
606
607
608
609
610
611
612
613
614
615
616
617
618
619
626
627
628
629
630
631
632
633
634
635
636
637
638
639
640
641
642
643
644
645
646
647
648
649
650
651
652
653
654
655
656
657
664
665
666
667
668
669
684
685
686
687
688
689
690
691
692
693
694
695
710
711
712
713
714
715
716
717
718
719
720
721
734
735
736
737
738
739
740
741
742
743
744
745
746
747
748
749
750
751
752
753
754
755
756
757
758
759
760
761
762
763
764
765
774
775
776
777
778
779
786
787
788
789
790
791
798
799
800
801
802
803
804
805
806
807
808
809
810
811
812
813
814
815
816
817
818
819
820
821
822
823
824
825
826
827
828
829
830
831
832
833
834
835
836
837
838
839
840
841
842
843
844
845
846
847
848
849
850
851
852
853
854
855
856
857
858
859
860
861
862
863
864
865
866
867
868
869
870
871
872
873
874
875
876
877
878
879
880
881
882
883
884
885
886
887
888
889
890
891
892
893
894
895
896
897
898
899
900
901
902
903
904
905
906
907
908
909
910
911
912
913
914
915
916
917
918
919
920
921
922
923
924
925
926
927
928
929
930
931
932
933
934
935
936
937
938
939
940
941
942
943
944
945
946
947
948
949
950
951
958
959
960
961
962
963
964
965
966
967
968
969
970
971
972
973
974
975
976
977
998
999
1000
1001
1002
1003
1004
1005
1006
1007
1008
1009
262
263
264
265
288
289
290
291
292
293
294
295
296
297
308
309
310
311
312
313
314
315
316
317
318
319
320
321
322
323
332
333
334
335
336
337
338
339
340
341
342
343
344
345
346
347
348
349
350
351
352
353
354
355
356
357
358
359
360
361
396
397
398
399
400
401
414
415
416
417
418
419
420
421
422
423
424
425
426
427
428
429
430
431
432
433
446
447
448
449
450
451
460
461
462
463
464
465
466
467
468
469
470
471
492
493
494
495
496
497
498
499
500
501
502
503
504
505
506
507
508
509
510
511
538
539
540
541
548
549
550
551
552
553
562
563
564
565
566
567
580
581
582
583
584
585
594
595
596
597
598
599
600
601
602
603
604
605
606
607
608
609
610
611
612
613
614
615
616
617
618
619
620
621
622
623
624
625
626
627
628
629
630
631
638
639
640
641
642
643
644
645
646
647
648
649
650
651
652
653
654
655
656
657
658
659
660
661
662
663
664
665
666
667
668
669
702
703
704
705
706
707
708
709
710
711
712
713
714
715
716
717
718
719
720
721
722
723
724
725
726
727
728
729
730
731
732
733
734
735
736
737
738
739
740
741
742
743
744
745
746
747
748
749
750
751
752
753
754
755
756
757
758
759
798
799
800
801
802
803
804
805
806
807
808
809
810
811
812
813
814
815
816
817
818
819
820
821
822
823
824
825
826
827
828
829
830
831
832
833
834
835
836
837
838
839
840
841
842
843
844
845
846
847
848
849
850
851
852
853
854
855
856
857
858
859
860
861
862
863
864
865
866
867
868
869
870
871
872
873
874
875
876
877
878
879
880
881
882
883
884
885
886
887
888
889
890
891
892
893
894
895
896
897
898
899
900
901
902
903
904
905
906
907
908
909
910
911
912
913
914
915
916
917
918
919
920
921
922
923
924
925
926
927
928
929
930
931
932
933
934
935
936
937
938
939
940
941
942
943
944
945
946
947
948
949
950
951
952
953
954
955
956
957
958
959
960
961
962
963
964
965
966
967
968
969
970
971
972
973
974
975
976
977
978
979
980
981
982
983
984
985
986
987
988
989
990
991
992
993
994
995
1002
1003
1004
1005
1006
1007
1018
1019
1020
1021
262
263
264
265
272
273
274
275
276
277
278
279
280
281
282
283
284
285
292
293
294
295
296
297
298
299
300
301
302
303
304
305
306
307
308
309
310
311
312
313
314
315
316
317
318
319
320
321
322
323
324
325
326
327
328
329
330
331
332
333
334
335
336
337
338
339
340
341
342
343
344
345
346
347
348
349
362
363
364
365
366
367
388
389
390
391
392
393
394
395
396
397
398
399
426
427
428
429
430
431
432
433
434
435
436
437
438
439
452
453
454
455
456
457
464
465
466
467
468
469
480
481
482
483
484
485
486
487
488
489
490
491
492
493
494
495
548
549
550
551
552
553
554
555
556
557
558
559
560
561
562
563
564
565
566
567
568
569
570
571
572
573
574
575
576
577
578
579
580
581
582
583
584
585
586
587
588
589
590
591
592
593
594
595
596
597
614
615
616
617
618
619
620
621
622
623
650
651
652
653
654
655
656
657
658
659
660
661
672
673
674
675
676
677
678
679
680
681
688
689
690
691
692
693
694
695
696
697
698
699
700
701
702
703
704
705
706
707
720
721
722
723
724
725
734
735
736
737
738
739
746
747
748
749
750
751
772
773
774
775
776
777
792
793
794
795
796
797
804
805
806
807
808
809
810
811
812
813
814
815
816
817
818
819
820
821
822
823
824
825
826
827
828
829
830
831
832
833
834
835
836
837
838
839
840
841
842
843
844
845
846
847
848
849
850
851
852
853
854
855
856
857
858
859
860
861
862
863
864
865
866
867
868
869
870
871
872
873
874
875
876
877
878
879
880
881
882
883
884
885
886
887
888
889
890
891
892
893
894
895
896
897
898
899
900
901
902
903
904
905
906
907
908
909
910
911
912
913
914
915
916
917
918
919
920
921
922
923
924
925
926
927
928
929
930
931
932
933
934
935
936
937
938
939
940
941
942
943
944
945
946
947
948
949
950
951
952
953
954
955
956
957
958
959
960
961
962
963
964
965
966
967
968
969
970
971
972
973
974
975
976
977
978
979
980
981
982
983
984
985
986
987
988
989
990
991
992
993
994
995
996
997
998
999
1000
1001
1002
1003
1004
1005
1006
1007
1008
1009
1010
1011
1012
1013
1014
1015
1016
1017
1018
1019
274
275
276
277
278
279
280
281
282
283
310
311
312
313
314
315
336
337
338
339
340
341
342
343
344
345
346
347
356
357
358
359
360
361
394
395
396
397
398
399
400
401
402
403
404
405
406
407
408
409
410
411
412
413
414
415
416
417
418
419
444
445
446
447
448
449
450
451
470
471
472
473
474
475
476
477
478
479
480
481
482
483
490
491
492
493
494
495
522
523
524
525
526
527
534
535
536
537
538
539
560
561
562
563
564
565
566
567
568
569
570
571
644
645
646
647
648
649
650
651
652
653
654
655
662
663
664
665
666
667
676
677
678
679
680
681
682
683
684
685
686
687
700
701
702
703
704
705
716
717
718
719
726
727
728
729
730
731
732
733
734
735
736
737
738
739
740
741
742
743
744
745
746
747
748
749
750
751
752
753
754
755
756
757
758
759
760
761
762
763
764
765
766
767
780
781
782
783
790
791
792
793
794
795
796
797
798
799
800
801
802
803
804
805
806
807
808
809
810
811
812
813
814
815
822
823
824
825
826
827
828
829
830
831
832
833
834
835
836
837
838
839
840
841
848
849
850
851
852
853
868
869
870
871
872
873
880
881
882
883
884
885
900
901
902
903
904
905
912
913
914
915
916
917
924
925
926
927
928
929
962
963
964
965
966
967
968
969
970
971
972
973
974
975
988
989
990
991
992
993
994
995
996
997
998
999
1000
1001
1002
1003
1004
1005
1006
1007
1008
1009
1010
1011
1012
1013
1014
1015
1016
1017
1018
1019
1020
1021
1022
1023
260
261
262
263
264
265
266
267
268
269
270
271
272
273
274
275
276
277
278
279
280
281
282
283
284
285
286
287
288
289
290
291
292
293
294
295
296
297
298
299
300
301
302
303
304
305
306
307
308
309
310
311
312
313
314
315
316
317
318
319
320
321
322
323
324
325
326
327
328
329
330
331
332
333
334
335
336
337
338
339
340
341
342
343
344
345
346
347
348
349
350
351
352
353
354
355
356
357
358
359
360
361
362
363
364
365
366
367
368
369
370
371
372
373
374
375
376
377
378
379
380
381
382
383
384
385
386
387
388
389
390
391
392
393
394
395
396
397
398
399
400
401
402
403
404
405
406
407
408
409
410
411
412
413
414
415
416
417
418
419
420
421
422
423
424
425
426
427
428
429
430
431
432
433
434
435
436
437
438
439
440
441
442
443
444
445
446
447
448
449
450
451
452
453
454
455
456
457
458
459
460
461
462
463
476
477
478
479
480
481
488
489
490
491
492
493
494
495
502
503
504
505
506
507
534
535
536
537
538
539
552
553
554
555
556
557
558
559
572
573
574
575
576
577
578
579
580
581
582
583
584
585
586
587
588
589
590
591
604
605
606
607
608
609
630
631
632
633
634
635
656
657
658
659
660
661
700
701
702
703
704
705
720
721
722
723
724
725
732
733
734
735
736
737
738
739
740
741
742
743
758
759
760
761
762
763
764
765
766
767
772
773
774
775
776
777
778
779
780
781
804
805
806
807
834
835
836
837
838
839
872
873
874
875
876
877
894
895
896
897
904
905
906
907
908
909
926
927
928
929
944
945
946
947
948
949
950
951
952
953
954
955
962
963
964
965
966
967
1008
1009
1010
1011
1012
1013
1020
1021
1022
1023
260
261
262
263
264
265
266
267
268
269
290
291
292
293
294
295
302
303
304
305
306
307
318
319
320
321
322
323
324
325
326
327
334
335
336
337
338
339
340
341
342
343
344
345
346
347
348
349
350
351
352
353
354
355
356
357
358
359
360
361
362
363
364
365
380
381
382
383
384
385
386
387
388
389
390
391
406
407
408
409
410
411
412
413
414
415
416
417
418
419
420
421
422
423
438
439
440
441
442
443
444
445
446
447
448
449
462
463
464
465
466
467
468
469
470
471
472
473
474
475
476
477
478
479
480
481
482
483
484
485
486
487
488
489
490
491
492
493
494
495
496
497
498
499
500
501
502
503
504
505
506
507
508
509
510
511
516
517
518
519
546
547
548
549
550
551
558
559
560
561
562
563
564
565
566
567
568
569
570
571
572
573
574
575
576
577
578
579
580
581
582
583
584
585
586
587
588
589
590
591
592
593
594
595
596
597
598
599
600
601
602
603
604
605
606
607
608
609
610
611
612
613
614
615
616
617
618
619
620
621
622
623
624
625
626
627
628
629
630
631
632
633
634
635
636
637
638
639
640
641
642
643
644
645
646
647
648
649
650
651
652
653
654
655
656
657
658
659
660
661
662
663
664
665
666
667
668
669
670
671
672
673
674
675
676
677
678
679
680
681
682
683
684
685
692
693
694
695
696
697
698
699
706
707
708
709
710
711
732
733
734
735
736
737
750
751
752
753
754
755
764
765
766
767
778
779
780
781
782
783
784
785
786
787
788
789
790
791
792
793
794
795
802
803
804
805
806
807
808
809
810
811
812
813
834
835
836
837
838
839
840
841
842
843
844
845
852
853
854
855
856
857
858
859
872
873
874
875
876
877
878
879
880
881
882
883
884
885
886
887
888
889
918
919
920
921
922
923
924
925
926
927
928
929
930
931
932
933
934
935
942
943
944
945
946
947
962
963
964
965
966
967
974
975
976
977
978
979
988
989
990
991
992
993
994
995
996
997
998
999
1000
1001
1002
1003
1004
1005
1006
1007
1008
1009
1010
1011
258
259
260
261
262
263
264
265
266
267
268
269
276
277
278
279
280
281
282
283
284
285
286
287
288
289
290
291
292
293
294
295
302
303
304
305
306
307
314
315
316
317
318
319
320
321
328
329
330
331
332
333
346
347
348
349
350
351
352
353
354
355
356
357
358
359
392
393
394
395
396
397
398
399
400
401
402
403
410
411
412
413
414
415
426
427
428
429
430
431
432
433
434
435
442
443
444
445
446
447
448
449
450
451
452
453
454
455
456
457
458
459
460
461
462
463
464
465
466
467
468
469
470
471
472
473
474
475
476
477
478
479
480
481
482
483
484
485
486
487
488
489
490
491
492
493
494
495
496
497
498
499
500
501
502
503
504
505
506
507
508
509
510
511
516
517
518
519
526
527
528
529
530
531
532
533
534
535
536
537
538
539
540
541
542
543
544
545
546
547
548
549
550
551
552
553
554
555
556
557
558
559
560
561
562
563
564
565
566
567
568
569
570
571
572
573
574
575
576
577
578
579
580
581
582
583
584
585
586
587
588
589
590
591
592
593
594
595
596
597
598
599
600
601
602
603
604
605
606
607
608
609
610
611
612
613
614
615
616
617
618
619
620
621
622
623
624
625
626
627
628
629
630
631
632
633
634
635
636
637
638
639
640
641
642
643
644
645
646
647
648
649
650
651
652
653
654
655
656
657
658
659
660
661
662
663
664
665
666
667
668
669
670
671
672
673
674
675
676
677
678
679
680
681
682
683
684
685
686
687
688
689
690
691
692
693
694
695
696
697
698
699
700
701
702
703
704
705
706
707
708
709
710
711
712
713
714
715
716
717
718
719
720
721
722
723
724
725
726
727
728
729
730
731
732
733
734
735
736
737
738
739
740
741
742
743
776
777
778
779
780
781
782
783
784
785
786
787
794
795
796
797
798
799
820
821
822
823
824
825
826
827
828
829
830
831
846
847
848
849
850
851
852
853
854
855
856
857
858
859
860
861
862
863
864
865
866
867
868
869
870
871
872
873
874
875
876
877
